%YAML 1.0
---
left_camera:
  camera_name: "zed2_left"
  image_width: 672
  image_height: 376
  camera_matrix:
    rows: 3
    cols: 3
    data: [267.37, 0.0, 336.899,
           0.0, 267.77, 184.466,
           0.0, 0.0, 1.0]
  distortion_model: "plumb_bob"
  distortion_coefficients:
    rows: 1
    cols: 5
    data: [-0.0957495374145626, 0.10817317124824982, 0.00047804393160613836, -0.00015651000554147752, -0.05351520230593637]
  rectification_matrix:
    rows: 3
    cols: 3
    data: [1.0, 0.0, 0.0,
           0.0, 1.0, 0.0,
           0.0, 0.0, 1.0]
  projection_matrix:
    rows: 3
    cols: 4
    data: [267.37, 0.0, 336.899, 0.0,
           0.0, 267.77, 184.466, 0.0,
           0.0, 0.0, 1.0, 0.0]

right_camera:
  camera_name: "zed2_right"
  image_width: 672
  image_height: 376
  camera_matrix:
    rows: 3
    cols: 3
    data: [266.954, 0.0, 340.809,
           0.0, 267.399, 189.893,
           0.0, 0.0, 1.0]
  distortion_model: "plumb_bob"
  distortion_coefficients:
    rows: 1
    cols: 5
    data: [-0.03942106614701886, 0.008178487377983802, -2.4707464904009555e-05, 0.000220930521052984, -0.004732473107977569]
  rectification_matrix:
    rows: 3
    cols: 3
    data: [1.0, 0.0, 0.0,
           0.0, 1.0, 0.0,
           0.0, 0.0, 1.0]
  projection_matrix:
    rows: 3
    cols: 4
    data: [266.954, 0.0, 340.809, -32.0,   # baseline ≈120mm * fx ≈ 32mm
           0.0, 267.399, 189.893, 0.0,
           0.0, 0.0, 1.0, 0.0]
